1000
273 164 916 385 27 841 689 807
103 902 598 579 70 297 311 317
1 492 805 44 555 509 635 362
908 19 715 449 845 413 208 745
250 920 948 933 911 350 779 766
355 688 865 163 924 238 147 24
89 973 771 409 418 779 122 638
761 161 283 88 856 707 30 612
93 577 590 688 946 897 375 850
404 448 765 936 31 276 243 219
77 587 910 584 916 440 138 786
598 830 869 140 222 83 130 224
231 521 381 275 850 787 89 201
770 46 529 248 673 957 862 398
980 820 158 778 217 586 559 383
910 485 244 787 321 828 203 524
60 408 257 41 838 46 995 408
921 140 42 127 915 550 447 885
725 70 62 575 964 934 635 184
171 617 870 565 318 888 57 946
382 453 239 268 519 228 147 746
719 853 152 428 216 925 0 251
317 972 930 490 677 984 417 580
184 92 121 686 113 371 696 299
12 142 116 276 930 182 110 473
775 665 289 910 141 443 189 642
487 734 725 29 792 687 5 893
496 111 55 235 552 836 215 297
435 510 198 268 650 838 510 548
192 821 907 909 747 728 335 147
380 608 389 934 74 395 687 165
229 304 794 310 589 741 433 424
288 991 466 133 684 53 751 840
927 397 205 623 664 419 970 337
552 277 755 883 69 246 988 84
245 762 839 883 64 21 27 958
784 543 207 967 676 541 578 342
329 61 335 465 997 225 857 820
883 797 264 445 175 842 582 104
497 639 314 881 8 483 200 592
739 397 566 171 487 342 362 806
921 132 72 80 482 923 333 276
699 879 481 574 401 256 210 13
316 139 825 184 988 805 85 558
821 127 821 876 52 102 107 83
49 727 740 131 347 375 969 585
709 420 81 927 628 543 432 20
805 464 962 291 627 395 477 315
327 323 281 699 165 877 265 181
45 758 45 554 840 125 546 139
633 374 573 289 800 810 325 139
449 613 860 235 276 975 642 590
56 722 481 635 97 233 773 914
430 686 583 477 658 342 589 120
93 178 75 832 633 505 52 916
765 690 60 270 379 887 613 192
310 133 710 856 907 22 716 36
468 841 860 164 678 208 308 259
982 830 38 13 747 772 18 251
50 340 833 814 808 655 681 562
441 489 720 373 309 967 245 406
645 727 103 527 608 205 229 697
235 607 72 88 220 966 337 287
568 406 587 277 412 927 40 547
419 222 866 860 806 588 578 408
254 818 117 433 626 10 268 444
565 78 144 626 41 335 517 181
825 38 808 572 913 153 176 796
861 149 988 767 203 943 620 266
980 793 882 986 348 961 340 241
673 301 504 717 633 232 290 428
877 702 523 653 345 270 67 808
806 977 75 675 719 214 127 649
377 691 556 704 634 500 83 743
844 715 332 603 182 631 573 578
959 971 45 380 128 416 751 194
158 396 971 669 837 806 877 176
625 662 576 290 536 326 732 721
929 73 895 833 53 721 941 443
604 337 304 343 588 954 289 466
871 447 134 640 515 151 839 147
365 689 754 665 86 219 523 356
446 660 695 619 304 978 922 621
469 691 824 111 877 794 227 923
737 905 308 250 629 638 416 200
901 419 598 357 510 524 545 780
184 155 74 281 213 597 579 764
774 443 138 529 258 184 829 266
29 700 548 919 281 353 353 65
755 100 811 466 730 398 97 517
61 894 326 840 257 644 370 721
54 178 355 236 667 866 436 522
183 364 716 675 583 119 704 753
915 296 144 869 117 320 193 164
284 544 143 60 646 860 496 796
49 144 785 516 72 185 811 848
281 158 759 281 582 189 973 210
596 40 986 437 530 262 263 948
121 350 955 259 750 5 999 629
602 103 128 469 900 513 422 517
104 518 924 204 851 615 79 890
822 702 227 597 447 984 880 493
98 76 725 1 77 385 284 933
271 86 930 795 258 939 805 106
565 908 777 670 223 510 182 765
584 460 934 808 345 642 322 882
344 53 489 320 591 322 728 3
956 848 206 750 853 206 646 174
770 301 664 551 2 865 459 673
0 733 838 920 694 483 466 681
31 555 261 924 648 185 333 552
894 794 581 331 967 288 73 506
974 661 233 877 201 437 967 871
522 201 44 723 660 112 337 49
983 890 551 409 863 115 641 482
857 846 583 966 583 439 459 424
611 260 479 776 846 789 785 498
524 132 630 301 119 721 291 224
171 746 791 947 261 851 471 41
9 334 712 595 59 493 703 524
260 950 900 472 673 874 250 729
686 378 182 294 529 659 210 106
619 638 784 106 563 256 106 887
627 376 347 665 687 279 224 412
54 820 669 975 3 879 662 165
494 818 655 749 125 715 378 643
157 750 478 257 794 166 487 27
721 37 183 491 594 384 836 518
109 579 883 675 814 124 589 723
464 9 506 182 488 334 398 335
27 834 164 284 727 448 821 887
35 556 465 424 646 821 141 978
51 654 119 620 254 638 53 485
636 739 18 793 366 714 394 69
191 181 2 362 834 0 21 103
102 39 434 183 934 226 738 535
411 484 524 55 512 781 65 829
732 261 810 278 830 623 897 843
180 63 47 935 193 556 397 899
78 470 490 781 724 906 452 641
234 643 771 935 618 123 74 612
155 241 370 756 101 518 752 892
499 12 805 363 594 619 92 110
67 524 368 448 343 481 526 269
368 687 670 56 976 183 759 808
774 493 775 201 822 727 468 394
23 462 284 430 855 589 82 19
336 48 209 58 506 152 791 587
336 594 981 518 711 842 992 7
231 604 530 107 750 940 750 298
453 570 710 819 669 34 541 445
318 899 834 809 468 918 206 434
116 826 801 310 458 5 870 412
97 822 15 368 449 384 133 83
892 995 493 810 65 570 313 413
796 400 66 329 685 580 670 375
770 352 232 825 423 80 878 221
66 457 838 934 838 19 693 393
713 769 234 270 532 991 48 236
999 814 312 611 621 877 807 49
344 622 630 868 506 907 798 840
125 397 287 244 240 27 321 822
441 779 608 505 750 436 455 959
885 169 727 267 222 526 9 858
888 371 177 600 532 345 21 198
868 146 110 910 710 189 816 810
261 870 313 96 802 313 486 648
708 574 422 811 2 748 609 757
402 542 768 557 956 862 925 866
138 909 88 499 88 767 718 862
505 539 284 141 921 298 727 702
297 773 138 679 82 801 517 752
908 165 410 996 999 958 890 641
870 893 327 699 546 734 857 510
803 946 327 836 878 658 4 557
385 871 564 957 121 189 481 416
321 270 174 579 757 474 268 149
662 18 890 648 885 473 146 755
684 549 1 987 255 7 115 532
824 902 826 131 725 675 668 254
743 755 372 428 383 805 231 854
928 879 507 554 126 240 313 412
865 750 959 966 344 113 859 54
432 197 73 679 812 459 606 948
161 399 212 654 284 93 846 705
978 793 459 887 704 392 55 195
721 911 538 632 761 351 246 261
177 567 466 783 962 176 930 40
245 686 256 526 217 736 450 232
490 348 874 95 25 57 60 411
599 812 753 658 913 953 850 608
334 700 470 512 654 92 590 403
307 421 981 343 426 790 561 576
122 347 838 728 803 935 238 268
647 960 723 496 82 361 893 681
188 660 769 610 298 551 48 893
410 133 592 692 273 961 788 274
863 600 635 150 394 751 134 468
689 17 165 423 128 755 592 431
274 1 40 985 690 267 76 705
225 890 712 589 582 328 685 872
784 672 499 346 900 313 930 593
870 893 261 721 618 459 787 412
930 25 450 698 145 641 751 967
981 249 923 939 40 730 612 59
204 851 971 32 717 561 881 141
730 900 387 133 39 331 210 422
568 197 968 375 891 458 746 961
927 872 679 97 407 293 579 632
473 838 435 493 173 567 141 52
845 883 421 792 344 754 384 676
938 312 597 880 469 138 391 593
128 132 931 286 18 12 624 583
608 735 841 590 278 707 268 766
894 890 852 175 607 306 858 444
51 127 152 903 887 327 730 133
447 745 409 889 871 550 59 533
518 977 766 376 868 824 974 775
161 67 977 399 245 969 303 877
484 32 86 992 606 441 464 184
889 371 489 327 369 699 183 593
526 698 222 895 922 451 233 138
695 84 718 31 467 378 400 624
925 536 264 231 475 611 137 548
493 338 432 399 473 595 55 463
976 833 950 362 373 498 8 728
982 637 753 415 593 922 88 319
44 478 734 340 431 678 992 765
509 903 362 648 110 388 982 632
187 232 880 821 688 848 306 910
613 477 945 552 765 997 1 120
592 740 781 856 276 875 329 617
444 343 58 820 312 225 928 595
639 293 791 308 432 852 718 804
810 949 914 365 698 135 257 707
95 223 356 870 657 330 764 497
867 578 178 362 706 964 764 107
920 290 678 593 851 927 764 502
51 872 874 282 232 116 423 417
894 434 577 845 478 107 903 971
700 669 65 984 7 105 558 669
385 648 230 828 471 773 988 829
164 155 97 838 300 789 333 999
195 317 620 417 45 589 546 700
216 177 477 999 230 5 877 173
375 235 312 637 392 142 448 505
895 622 708 424 50 34 573 778
342 946 974 749 133 679 462 551
467 110 671 605 293 613 645 375
692 80 709 56 210 79 525 772
717 887 792 135 461 859 608 718
659 628 150 6 108 173 80 722
468 597 973 800 571 927 822 840
716 871 583 902 368 554 305 787
37 162 667 596 613 556 36 13
228 922 515 939 237 161 924 36
166 490 615 24 784 981 923 207
621 108 397 881 323 381 656 167
45 74 566 75 914 157 961 28
606 909 973 559 720 374 896 155
827 968 18 149 358 776 807 209
505 496 157 849 560 206 933 998
771 26 612 749 394 520 854 49
677 809 359 394 740 449 904 657
496 134 995 733 685 709 567 190
865 581 1000 400 690 703 159 931
609 841 406 705 222 335 481 651
384 136 633 673 292 30 214 270
373 152 728 130 470 830 786 910
685 781 90 589 751 118 369 543
637 284 420 880 614 729 722 75
107 580 505 459 215 215 25 501
760 421 295 973 49 538 855 383
105 380 186 759 585 92 418 276
793 445 873 874 679 179 486 665
494 469 167 366 524 873 526 507
748 452 262 792 960 776 553 653
97 953 114 902 855 74 888 164
960 628 944 892 819 956 358 210
602 29 219 123 736 44 766 73
77 23 819 313 338 672 189 657
745 591 302 637 389 110 229 453
173 574 990 82 479 433 156 122
736 447 98 370 167 375 928 561
924 906 110 819 438 173 161 989
355 735 321 772 74 81 798 517
327 1 73 562 177 321 387 776
697 702 723 663 857 802 805 375
311 463 294 649 72 326 48 672
674 393 135 426 786 829 615 707
856 75 450 935 340 212 381 172
391 329 471 517 10 281 823 972
160 230 576 879 417 140 42 842
814 960 169 419 442 245 560 12
69 500 938 304 289 966 38 281
796 1000 976 290 700 696 465 386
179 279 705 985 522 840 670 583
930 229 738 998 693 501 204 61
177 190 975 26 399 72 591 861
666 369 152 736 147 931 745 175
527 939 522 437 460 287 666 357
31 839 805 289 723 470 845 858
782 749 268 697 475 295 209 299
542 483 653 885 708 811 566 165
376 675 504 869 907 242 175 638
617 62 272 942 333 146 763 107
578 543 800 132 346 912 395 440
758 234 300 135 964 771 670 534
657 287 941 936 219 673 66 713
287 462 439 189 746 871 564 657
461 295 628 35 523 845 740 680
793 264 872 397 682 371 100 955
762 899 690 92 84 331 432 252
417 203 153 701 182 888 128 593
546 428 401 821 559 328 450 674
594 316 84 799 412 77 234 411
306 84 305 70 904 500 357 581
908 302 658 170 107 298 593 939
385 561 407 271 423 529 480 762
442 126 361 957 837 695 746 424
338 175 536 352 964 921 647 802
775 349 322 85 132 686 331 325
494 145 98 79 230 45 808 204
231 783 802 572 656 161 88 850
923 335 277 251 919 38 343 277
490 71 214 480 929 936 122 220
662 267 127 361 990 575 667 145
321 76 959 530 280 8 598 727
496 383 149 412 853 932 468 295
66 63 479 890 234 263 934 432
400 720 704 711 760 778 793 193
126 962 972 802 208 347 279 59
783 325 707 813 814 272 762 242
40 401 43 761 18 872 772 2
101 671 385 250 729 500 702 96
807 425 331 997 268 809 345 405
95 843 877 74 244 770 522 571
138 321 419 90 145 875 624 290
863 677 981 448 254 494 333 817
244 645 2 965 292 62 900 286
214 842 217 964 945 621 488 535
893 931 643 2 834 421 920 475
487 352 750 757 401 658 870 906
793 203 616 113 986 389 264 877
436 76 479 25 399 778 491 94
567 544 741 286 272 339 806 344
731 253 179 96 457 706 212 276
987 182 740 702 879 929 460 134
260 761 943 902 40 271 966 109
886 43 45 828 640 971 153 391
58 386 72 290 37 904 313 730
894 123 526 145 707 722 967 572
464 218 860 557 449 69 130 505
19 427 300 84 402 800 486 402
247 956 753 728 108 163 916 321
920 573 38 268 328 666 897 673
949 30 74 244 23 379 420 592
18 535 455 317 213 321 707 547
429 49 675 513 783 378 514 317
753 476 311 965 225 371 110 948
566 133 842 336 151 264 139 318
781 197 83 4 910 666 210 168
123 906 733 59 530 415 383 828
243 885 671 402 71 984 467 736
707 702 799 498 325 54 34 533
489 571 456 118 477 94 222 251
950 430 307 769 805 430 752 414
777 68 114 106 271 120 586 627
176 586 629 798 607 698 548 896
594 930 719 473 589 442 998 909
350 800 856 317 612 346 391 354
247 172 491 972 126 810 859 632
667 17 61 487 523 969 805 663
192 239 883 684 800 263 335 735
43 241 332 974 575 173 511 694
376 813 327 153 301 945 971 559
111 27 779 153 595 923 242 253
150 249 751 293 468 139 280 282
412 491 638 698 100 754 805 678
425 852 318 5 458 883 196 999
892 996 490 396 672 497 182 780
619 19 299 898 818 579 532 576
795 5 463 631 403 950 113 228
35 224 403 701 186 657 748 190
127 163 484 29 873 129 686 887
545 851 366 811 662 648 892 867
251 228 693 639 702 646 169 917
713 306 364 960 267 781 378 468
801 97 425 638 708 727 963 311
312 324 925 281 715 499 921 417
303 299 979 630 859 646 789 880
590 705 902 940 739 371 835 612
191 715 349 477 304 357 635 776
172 995 621 325 51 517 863 6
710 128 786 829 332 335 214 616
302 43 706 716 735 247 862 983
116 598 476 177 195 475 482 954
134 526 222 472 367 312 159 506
74 185 560 37 278 951 151 580
591 296 518 367 617 942 408 532
670 51 410 374 129 547 446 952
989 885 170 467 195 607 67 445
722 311 152 839 630 102 234 14
650 490 806 73 637 372 235 441
669 127 195 576 431 533 912 545
913 400 902 954 385 818 673 505
370 772 349 669 743 95 698 542
51 703 767 483 388 798 749 302
556 382 968 318 792 180 287 34
456 307 528 663 903 810 378 169
800 67 819 331 176 772 465 97
325 626 353 731 397 870 370 664
181 79 528 792 571 370 980 501
290 304 903 775 804 302 137 742
392 88 625 974 282 206 123 755
855 373 258 357 636 47 383 618
935 805 243 416 281 248 199 564
351 708 822 402 332 128 610 499
699 416 711 537 92 145 141 62
461 179 996 9 787 198 208 745
651 8 631 599 397 215 694 144
908 661 211 449 787 469 827 804
587 158 188 557 766 147 521 64
422 681 405 659 376 127 873 963
145 240 465 911 301 512 123 984
590 831 594 237 728 813 26 853
506 871 498 413 247 942 162 152
70 499 310 889 440 477 992 254
481 754 274 212 719 630 970 371
401 757 431 436 993 70 900 854
705 529 544 301 675 996 490 540
511 146 242 892 424 236 356 868
550 575 553 727 888 890 351 595
453 313 684 606 865 423 813 444
928 243 443 507 574 985 337 214
135 184 33 43 795 987 396 86
581 713 396 792 144 947 361 733
327 407 169 359 560 436 576 894
1 458 436 247 749 397 169 429
845 703 783 829 86 636 265 474
130 568 380 655 236 410 499 724
28 71 127 957 608 28 477 910
302 340 490 297 46 972 523 567
388 305 232 394 596 884 932 658
846 810 687 533 572 482 672 205
533 143 921 939 715 857 578 729
648 232 483 853 470 54 215 720
351 213 850 279 663 876 223 757
869 456 756 241 253 113 637 425
183 953 229 560 866 301 483 691
934 466 412 128 42 689 70 852
182 827 560 1000 505 547 568 659
113 24 725 560 343 403 385 483
298 309 960 200 737 365 888 528
396 866 551 128 981 364 349 267
240 426 266 112 943 69 578 614
770 63 147 714 35 235 73 461
982 51 710 261 738 362 799 125
311 1000 12 556 425 590 471 99
24 804 211 360 807 974 774 148
822 846 740 542 846 159 849 705
169 986 394 361 677 610 136 385
511 919 963 789 889 119 319 289
283 130 742 754 290 314 555 103
631 460 873 132 398 442 330 858
13 410 528 630 600 814 429 379
42 874 17 92 194 217 208 786
376 575 875 906 567 223 298 192
250 312 741 318 84 744 340 237
518 433 615 286 363 867 181 120
24 224 256 895 744 745 828 962
926 23 977 972 237 298 272 21
283 481 525 911 669 381 204 527
636 126 427 883 395 97 385 715
419 671 825 620 229 598 6 184
569 806 706 101 437 724 61 901
717 950 246 998 209 133 515 941
241 577 506 693 347 732 279 426
279 252 229 524 41 380 854 407
827 865 898 594 590 297 340 716
322 518 811 306 935 512 508 377
625 500 482 229 637 830 949 6
872 711 22 84 691 253 275 921
514 912 874 961 30 52 863 288
172 317 484 540 990 96 672 425
297 764 628 495 305 178 658 90
979 824 753 556 147 973 196 724
64 420 633 397 696 731 583 588
404 819 838 833 458 723 800 936
70 946 769 622 809 880 772 948
52 89 609 147 83 644 346 90
765 835 54 782 796 761 584 195
350 259 500 529 197 304 280 852
946 690 230 845 755 711 908 785
767 991 265 830 505 687 722 677
478 391 502 293 0 886 531 524
846 615 911 355 688 383 55 38
34 406 15 133 316 197 438 801
199 498 565 111 201 192 634 428
767 830 826 237 319 725 264 98
968 424 105 379 699 543 364 123
473 242 325 562 673 635 360 555
597 899 33 749 541 460 288 467
934 428 148 257 970 492 933 971
842 487 124 340 11 161 140 515
545 471 391 746 52 552 297 711
563 160 487 383 806 405 55 218
601 590 201 973 190 147 573 527
896 581 49 613 92 772 868 540
321 567 49 286 694 690 106 469
133 661 167 652 70 680 359 3
162 66 868 159 887 595 379 588
637 376 913 561 970 789 604 763
209 75 536 143 955 940 488 268
68 12 839 936 108 322 223 267
906 446 326 37 320 423 951 971
681 749 314 142 468 339 698 335
917 123 760 558 134 71 491 764
815 171 547 1000 240 928 353 641
383 713 689 74 705 532 961 561
721 642 822 72 525 597 910 461
467 133 178 411 511 728 739 502
304 806 861 217 881 291 782 248
377 415 222 311 468 660 433 631
686 113 441 842 82 383 253 398
371 168 623 863 429 83 515 917
728 825 134 354 979 340 855 729
366 700 760 919 133 535 918 726
866 600 371 362 556 763 405 534
51 646 44 376 778 253 18 580
147 974 583 773 407 280 545 314
173 231 731 195 590 90 961 958
366 85 758 834 363 851 428 344
383 917 414 39 494 326 744 379
920 666 323 138 776 809 871 65
367 951 184 129 747 33 70 659
462 718 808 254 285 585 207 37
55 227 694 909 153 929 852 810
509 850 183 241 78 432 496 985
961 432 353 286 276 330 644 956
294 63 815 778 27 840 359 225
755 912 793 873 614 910 404 459
462 710 531 771 954 742 216 674
395 1 763 338 14 472 703 312
600 879 867 391 493 611 470 833
127 731 412 831 104 322 443 264
854 13 907 269 717 110 940 293
496 687 874 257 474 83 126 723
16 196 612 89 608 334 507 528
539 497 193 406 9 918 265 209
826 895 394 13 797 441 885 773
64 510 592 959 498 542 67 124
398 490 607 704 328 590 642 733
80 447 428 716 18 632 484 975
236 640 52 246 832 671 275 879
747 348 89 216 838 540 480 19
85 338 401 972 697 565 840 650
238 803 304 592 870 812 351 988
801 622 642 546 782 836 645 241
967 626 885 309 816 883 170 145
680 254 662 617 572 768 206 854
277 183 724 402 211 425 370 388
173 713 437 75 94 322 549 574
445 278 775 516 688 587 127 402
247 868 98 309 1 244 846 555
143 574 924 468 290 268 117 469
320 962 775 367 732 924 934 664
736 769 140 841 642 689 226 124
777 401 17 810 345 871 218 956
544 384 987 723 867 482 257 464
24 715 47 330 342 276 330 103
82 417 909 748 818 554 616 980
991 94 105 533 668 734 378 529
964 970 555 356 996 487 246 973
973 723 909 818 460 23 955 151
442 345 601 563 875 575 84 705
485 882 576 559 896 973 405 357
665 171 837 660 492 822 26 865
614 556 90 402 610 483 942 608
723 237 966 812 718 948 563 87
761 639 451 857 788 588 49 902
239 291 394 292 162 656 115 284
229 189 204 206 710 858 540 785
488 71 339 682 457 166 768 487
942 431 53 690 882 416 775 235
432 355 838 454 201 892 186 956
815 583 32 435 26 651 209 809
845 286 104 234 203 266 865 68
323 531 797 502 618 792 295 489
11 58 188 432 673 560 474 774
981 423 440 452 177 948 285 210
746 957 237 886 991 176 242 520
113 610 495 946 247 994 778 554
252 704 163 92 642 191 733 820
229 900 495 283 832 922 586 929
849 831 228 581 479 902 423 941
752 352 633 189 977 580 786 857
561 385 180 330 213 642 970 348
701 942 222 704 436 954 823 37
743 194 122 9 250 437 11 928
769 805 821 182 744 143 629 236
380 541 50 585 219 973 276 994
673 414 976 703 787 414 96 370
197 103 965 25 239 864 851 975
34 542 641 298 480 178 929 133
266 587 907 262 797 907 56 594
829 784 684 749 395 997 887 868
518 754 729 512 886 514 616 867
110 362 393 63 297 330 264 859
891 348 497 845 356 767 191 496
798 56 498 713 455 545 740 847
127 444 680 51 346 491 640 79
328 6 114 843 686 961 280 453
34 852 247 754 247 199 845 375
33 228 586 763 560 119 366 722
828 453 474 900 88 590 717 686
138 919 586 731 671 355 312 196
205 175 340 43 458 858 607 836
442 448 938 861 614 12 417 952
257 980 760 186 34 43 236 439
127 604 64 275 377 37 35 238
910 128 390 209 685 293 758 408
645 347 988 558 210 921 60 773
79 650 274 587 622 313 808 992
252 925 408 984 829 837 282 497
743 851 97 81 876 367 32 314
243 132 173 218 573 650 428 839
26 402 889 306 474 457 338 268
813 860 488 148 513 682 781 286
510 493 494 922 80 378 501 114
168 410 53 646 152 152 550 278
575 202 928 424 92 274 301 155
772 140 954 656 374 392 98 888
190 329 319 604 796 164 561 174
956 75 919 464 474 60 858 429
19 518 620 944 608 232 649 992
707 509 444 499 481 763 31 354
234 446 110 61 542 812 483 855
129 312 521 428 219 15 710 798
378 416 891 183 850 327 752 708
541 949 442 959 212 639 524 964
9 60 423 550 793 237 283 336
114 328 96 926 522 332 928 929
325 606 827 242 314 237 795 811
984 687 495 914 393 658 681 558
676 317 962 305 394 558 269 548
681 151 879 638 651 271 74 732
737 318 525 304 177 377 737 372
987 101 962 208 615 310 461 358
790 450 966 529 113 991 565 81
903 677 920 577 148 641 286 618
403 750 609 92 90 829 784 617
641 398 667 841 303 547 679 496
808 713 474 503 882 796 406 274
307 408 880 689 569 315 200 835
546 90 206 820 851 366 439 867
142 787 688 72 202 49 509 811
440 720 450 858 644 192 126 456
510 517 249 816 375 565 27 870
36 520 138 343 998 888 892 834
184 737 211 861 776 319 800 744
814 598 806 781 808 461 853 220
838 801 876 303 148 992 697 209
285 18 612 772 245 236 283 921
923 152 299 145 562 160 660 802
236 264 438 635 646 738 694 684
867 49 421 5 941 291 263 519
660 939 103 293 982 641 904 329
559 6 576 848 204 135 967 851
573 314 538 967 694 624 873 568
846 299 35 387 386 946 606 35
743 113 285 37 247 732 500 436
246 279 845 816 926 101 352 534
593 246 669 659 348 339 145 117
298 456 628 347 152 344 22 170
307 569 769 225 273 898 493 800
413 957 61 480 991 741 128 256
612 865 390 943 540 291 318 559
632 609 396 729 102 522 301 207
513 935 716 476 576 786 326 71
188 939 142 475 223 739 433 573
723 137 704 682 236 797 148 893
77 858 812 291 926 29 977 39
80 567 235 420 2 165 74 974
756 83 550 598 353 886 870 271
584 706 851 667 144 581 439 752
740 520 833 598 669 274 68 322
418 564 276 342 181 554 431 861
749 97 740 516 207 372 633 971
675 719 474 480 753 605 313 603
971 310 644 174 784 973 851 227
333 846 163 716 284 221 592 22
542 962 980 53 574 423 58 696
603 773 495 632 316 619 694 136
173 569 135 703 666 479 156 887
865 424 407 306 4 154 490 761
437 424 339 415 829 830 30 644
128 641 659 278 164 257 237 701
69 997 247 631 418 644 386 911
658 472 52 452 788 630 789 460
455 912 473 660 898 257 89 345
475 753 867 823 148 288 72 452
778 492 842 689 911 744 434 740
154 507 171 873 884 367 548 334
407 911 342 837 548 609 529 73
695 295 668 728 466 520 609 165
282 966 333 471 831 613 638 47
879 368 734 799 600 227 449 350
888 158 416 352 308 760 157 595
712 117 489 109 484 720 117 136
252 636 96 282 939 722 0 384
402 840 875 240 398 514 509 30
975 691 266 408 160 924 152 269
37 813 888 872 52 25 758 55
973 962 865 582 24 735 376 579
3 913 552 210 596 143 347 649
67 349 673 41 256 813 329 845
652 515 180 518 90 418 515 199
984 105 630 90 623 243 373 612
368 446 871 980 923 128 799 675
651 83 514 694 430 13 502 42
772 560 210 201 869 908 536 90
761 885 288 130 714 161 756 672
629 245 868 882 307 707 1000 946
599 454 339 894 838 405 12 66
667 374 359 221 68 945 650 365
584 424 272 617 980 35 161 89
268 197 23 238 2 983 716 801
9 89 192 858 201 260 70 105
898 367 868 294 409 109 235 851
274 74 523 675 49 67 200 521
531 2 931 841 633 631 159 504
158 415 11 555 496 964 897 354
38 424 447 976 706 689 491 802
697 972 709 864 14 126 619 996
559 967 6 330 856 144 81 377
487 612 599 856 505 248 1 81
347 214 832 491 702 448 157 1
605 875 553 672 277 591 764 5
258 552 586 682 319 50 192 448
444 569 497 782 406 951 651 855
188 1000 722 80 152 86 45 291
540 634 846 561 66 964 706 145
678 981 138 568 132 306 197 489
764 760 118 576 574 28 847 722
886 449 621 50 32 405 565 975
768 510 458 300 613 282 627 557
121 424 161 975 32 199 185 416
775 53 695 792 878 154 890 619
818 29 210 755 357 194 601 125
640 31 932 992 232 733 103 172
711 5 385 427 817 26 111 111
886 533 184 717 285 709 670 241
298 750 861 988 54 843 700 18
185 803 484 833 809 162 650 236
413 770 189 472 167 701 862 454
834 330 361 867 800 702 129 626
603 752 637 264 832 127 873 33
704 854 669 912 997 851 292 827
720 912 279 441 239 504 912 95
483 947 816 394 750 215 876 644
133 844 714 450 710 279 836 391
426 916 819 989 863 485 97 843
71 725 644 880 8 199 452 739
764 532 908 637 222 325 260 551
193 837 958 262 464 394 708 402
703 243 41 25 420 943 842 741
121 566 95 370 506 100 286 268
489 100 116 582 203 629 486 262
219 949 349 293 447 554 760 316
504 786 385 636 371 198 352 161
905 118 947 686 568 54 287 164
572 592 190 135 208 527 801 999
192 176 378 283 293 383 398 766
324 946 879 466 254 644 488 515
468 939 446 672 218 381 61 590
936 135 411 223 422 390 568 397
479 233 989 307 927 833 889 959
390 115 446 109 767 377 568 11
265 668 686 757 819 627 152 418
497 178 226 938 331 386 461 614
773 593 185 444 152 789 108 483
928 68 937 968 273 281 253 120
516 851 537 374 340 611 303 984
697 96 29 64 744 617 109 283
834 810 731 209 777 431 263 901
267 513 687 162 440 579 43 426
934 995 342 209 799 59 297 255
166 516 940 814 615 189 801 3
954 780 266 60 827 450 926 642
724 579 9 112 236 971 928 103
315 648 567 111 784 438 258 642
211 736 48 995 884 95 817 764
831 58 591 914 723 305 814 911
707 851 208 424 656 551 491 669
49 70 358 586 355 448 638 770
393 225 333 741 908 710 567 808
733 148 77 111 297 596 737 469
80 108 936 36 945 222 154 427
388 839 349 135 370 234 138 326
808 645 920 84 476 873 837 483
314 998 262 971 662 588 626 697
610 510 943 51 305 505 930 786
275 75 627 164 130 608 646 292
783 959 140 977 335 893 632 351
613 998 298 990 384 198 432 358
121 715 315 529 674 575 358 365
624 127 602 672 611 807 394 668
344 799 271 120 553 415 587 858
246 295 438 337 85 260 805 528
131 611 474 857 386 439 744 255
669 407 121 501 186 534 802 886
697 226 650 496 886 365 169 291
667 847 168 297 961 328 736 125
487 1000 908 716 649 332 455 321
971 892 75 863 165 650 939 73
818 755 705 785 860 489 552 900
54 447 772 155 483 47 804 965
507 289 247 66 510 691 510 23
17 661 739 756 487 375 9 683
228 95 653 708 854 351 756 416
475 841 110 243 586 206 775 13
305 966 688 234 502 0 444 41
751 837 200 121 265 633 352 41
544 578 502 289 117 647 11 529
633 463 118 605 155 601 329 411
808 867 367 332 238 722 638 370
579 20 526 952 979 610 440 672
959 730 4 903 516 632 873 644
320 811 150 254 785 831 633 563
6 205 84 380 716 401 397 322
119 938 799 96 172 564 370 377
665 917 471 944 221 823 848 342
525 858 296 497 357 518 881 466
547 201 572 912 80 913 604 567
906 610 717 944 964 108 744 549
492 419 700 728 90 538 386 9
605 334 523 671 271 952 350 940
13 374 774 97 942 785 111 395
540 320 134 212 499 787 720 160
403 404 236 501 356 925 472 974
173 417 588 647 303 51 166 71
984 433 439 677 386 570 519 242
846 546 817 49 189 174 838 600
615 116 101 61 242 295 553 933
946 583 837 710 333 725 816 987
360 349 607 555 637 337 17 214
670 322 121 355 921 545 18 778
117 914 307 941 245 851 814 909
62 297 318 104 777 392 857 261
749 210 705 779 424 745 884 723
248 863 430 728 607 9 959 972
554 714 445 787 507 163 494 991
788 542 706 276 79 747 598 12
416 658 347 476 113 322 897 845
664 308 256 231 562 107 273 908
123 909 243 502 357 978 131 221
69 557 435 4 366 394 637 774
738 925 463 592 817 567 541 175
118 60 120 271 881 463 955 206
145 825 93 156 269 34 539 336
301 769 549 678 140 286 808 419
859 503 701 969 513 66 444 703
486 254 118 745 384 870 548 566
920 138 969 71 325 264 62 357
55 958 767 654 717 743 967 550
191 990 409 145 165 897 801 785
737 322 227 221 845 422 405 738
392 495 686 502 129 259 11 736
987 887 687 555 262 56 895 989
96 132 658 586 498 578 443 793
257 954 35 359 86 857 847 685
876 220 1 216 690 23 678 786
541 425 709 219 746 916 173 76
409 10 455 41 374 674 736 165
746 467 659 199 898 253 194 206
133 376 841 906 222 806 738 828
451 344 168 257 909 622 229 764
672 285 767 237 174 367 952 286
985 227 398 736 12 596 230 179
191 724 411 211 744 394 788 655
626 766 604 699 813 250 785 845
844 161 567 637 873 64 709 446
531 908 978 357 589 448 402 252
555 265 304 617 418 506 765 217
534 542 317 93 143 504 531 859
517 395 929 905 642 802 732 541
797 529 227 677 102 905 450 499
161 999 957 809 633 651 523 833
338 249 604 982 123 563 197 523
630 584 133 529 257 980 904 251
863 299 149 109 411 584 335 614
594 912 726 368 571 764 663 846
932 36 226 257 356 199 287 620
721 372 661 152 317 51 642 181
574 815 407 891 89 900 539 166
734 93 577 929 457 463 547 168
678 16 713 67 929 926 818 762
949 606 479 46 616 228 96 436
63 6 564 269 735 144 834 911
458 573 954 68 87 227 3 703
154 963 604 86 87 222 355 137
989 941 703 262 996 849 872 930
858 893 959 80 654 881 585 859
178 462 156 101 864 173 980 227
789 61 334 504 877 996 618 691
90 827 496 233 376 551 125 613
702 202 367 836 265 47 481 993
147 182 729 457 571 606 539 29
782 809 74 785 503 943 356 315
712 794 951 661 117 730 51 177
554 538 202 943 505 112 242 716
281 133 203 377 101 507 622 969
37 863 345 888 497 99 736 455
423 779 962 724 824 41 83 243
784 745 568 562 256 686 157 787
616 985 229 494 585 384 888 896
838 392 518 561 197 645 504 565
723 903 109 497 920 339 537 9
293 474 312 750 656 765 790 427
582 722 924 100 232 828 634 566
936 329 182 25 784 295 294 261
684 1 756 785 21 96 861 678
805 374 74 271 762 777 957 503
691 16 946 926 158 948 288 23
787 467 624 698 996 918 668 444
639 824 695 681 591 961 371 47
889 281 446 421 696 817 664 163
401 155 498 410 69 67 289 668
980 572 495 19 152 116 731 445
109 781 786 24 129 361 686 779
436 333 110 747 2 854 497 412
156 239 131 265 947 878 6 168
234 468 784 567 206 677 912 738
491 97 954 560 716 314 172 751
462 663 374 447 416 600 595 519
690 665 486 364 781 894 128 847
315 299 503 308 727 69 950 959
337 469 748 963 895 783 9 459
181 93 258 263 181 142 244 926
228 718 370 223 606 311 658 109
995 350 483 246 995 168 326 607
144 859 192 924 283 595 389 599
874 596 880 569 28 268 280 984
477 481 416 424 856 552 486 188
584 8 911 734 383 892 694 710
292 148 307 630 146 100 455 320
889 765 337 683 449 218 105 35
531 525 192 24 10 135 65 926
697 331 385 593 621 864 171 786
68 932 323 581 508 911 558 630
617 566 632 204 760 770 417 624
684 849 970 391 631 99 401 460
447 579 404 961 129 318 425 201
403 340 95 264 909 393 321 733
245 616 840 378 416 647 625 929
854 305 395 868 195 782 426 553
146 762 69 529 195 574 540 667
582 304 439 63 808 582 552 801
911 429 395 264 433 136 970 786
51 77 936 54 83 347 704 436
788 312 275 241 217 202 438 612
246 971 823 756 87 549 264 850
30 456 178 873 366 861 847 486
476 262 622 981 707 617 823 400
939 707 323 92 632 921 327 260
148 671 741 330 53 99 739 365
209 506 751 105 14 460 780 701
533 344 764 451 862 47 294 500
196 262 962 744 299 385 987 957
731 428 113 592 612 1 323 513
906 937 576 244 316 983 37 834
365 312 443 884 826 24 569 522
870 775 358 633 372 129 301 550
205 917 839 372 83 625 944 9
792 959 974 914 784 626 765 141
595 208 798 498 371 529 78 589
381 479 279 372 354 594 140 254
406 278 863 763 121 909 298 52
801 769 500 779 836 657 70 501
324 65 477 827 196 515 130 557
854 840 537 296 813 76 325 494
348 990 26 804 127 739 24 398
545 422 19 586 103 180 342 524
716 419 996 514 996 783 43 164
844 10 334 459 690 990 418 559
669 521 49 876 493 930 734 460
764 250 574 924 702 933 629 466
570 720 616 559 877 253 732 69
805 387 933 673 726 595 204 640
771 321 921 81 709 170 957 135
617 175 718 447 524 415 53 964
752 876 693 781 597 580 111 915
986 530 303 3 953 292 262 127
911 161 876 364 85 999 520 410
214 604 415 193 588 65 877 980
314 578 421 926 737 164 713 277
262 601 687 259 778 248 841 282
12 240 683 563 790 561 91 148
477 955 888 817 944 47 192 746
